0.0000  -93.8391  -0.0002
-143.5017  -85.0467  721.4316
-0.0000  -85.0467  735.5653
-281.4887  -85.0467  679.5737
-408.6584  -85.0467  611.6003
-520.1234  -85.0467  520.1232
-611.6006  -85.0467  408.6581
-679.5741  -85.0467  281.4885
-721.4319  -85.0466  143.5014
-735.5656  -85.0466  -0.0004
-721.4319  -85.0466  -143.5022
-679.5739  -85.0466  -281.4893
-611.6002  -85.0466  -408.6589
-520.1231  -85.0465  -520.1240
-408.6579  -85.0465  -611.6009
-281.4882  -85.0465  -679.5744
-143.5011  -85.0465  -721.4323
0.0007  -85.0465  -735.5657
143.5025  -85.0465  -721.4319
281.4895  -85.0465  -679.5739
408.6591  -85.0465  -611.6002
520.1240  -85.0465  -520.1230
611.6010  -85.0466  -408.6577
679.5743  -85.0466  -281.4880
721.4321  -85.0466  -143.5008
735.5655  -85.0466  0.0010
721.4316  -85.0466  143.5028
679.5734  -85.0467  281.4898
611.5996  -85.0467  408.6593
520.1224  -85.0467  520.1242
408.6571  -85.0467  611.6011
281.4873  -85.0467  679.5743
143.5002  -85.0467  721.4320
-281.4888  -59.0073  1415.1395
-0.0001  -59.0073  1442.8635
-552.1600  -59.0073  1333.0323
-801.6121  -59.0073  1199.6974
-1020.2589  -59.0073  1020.2585
-1199.6975  -59.0072  801.6119
-1333.0325  -59.0072  552.1597
-1415.1396  -59.0072  281.4883
-1442.8639  -59.0071  -0.0006
-1415.1395  -59.0071  -281.4895
-1333.0321  -59.0070  -552.1609
-1199.6969  -59.0070  -801.6131
-1020.2581  -59.0070  -1020.2596
-801.6113  -59.0069  -1199.6981
-552.1590  -59.0069  -1333.0330
-281.4875  -59.0069  -1415.1400
0.0014  -59.0069  -1442.8640
281.4902  -59.0069  -1415.1395
552.1616  -59.0069  -1333.0319
801.6136  -59.0069  -1199.6967
1020.2601  -59.0070  -1020.2577
1199.6986  -59.0070  -801.6108
1333.0331  -59.0070  -552.1583
1415.1400  -59.0071  -281.4868
1442.8639  -59.0071  0.0021
1415.1390  -59.0072  281.4910
1333.0314  -59.0072  552.1622
1199.6959  -59.0072  801.6141
1020.2568  -59.0073  1020.2605
801.6098  -59.0073  1199.6987
552.1573  -59.0073  1333.0334
281.4857  -59.0073  1415.1399
-408.6584  -16.7215  2054.4639
-0.0001  -16.7215  2094.7131
-801.6121  -16.7215  1935.2628
-1163.7604  -16.7215  1741.6906
-1481.1860  -16.7214  1481.1859
-1741.6907  -16.7214  1163.7603
-1935.2631  -16.7213  801.6116
-2054.4641  -16.7213  408.6577
-2094.7134  -16.7212  -0.0008
-2054.4641  -16.7211  -408.6593
-1935.2625  -16.7211  -801.6133
-1741.6901  -16.7210  -1163.7616
-1481.1852  -16.7210  -1481.1873
-1163.7593  -16.7209  -1741.6917
-801.6105  -16.7209  -1935.2638
-408.6565  -16.7209  -2054.4648
0.0020  -16.7209  -2094.7136
408.6605  -16.7209  -2054.4641
801.6143  -16.7209  -1935.2623
1163.7626  -16.7209  -1741.6893
1481.1879  -16.7210  -1481.1842
1741.6923  -16.7210  -1163.7583
1935.2642  -16.7211  -801.6096
2054.4648  -16.7211  -408.6554
2094.7134  -16.7212  0.0032
2054.4636  -16.7213  408.6616
1935.2616  -16.7213  801.6154
1741.6886  -16.7214  1163.7637
1481.1832  -16.7214  1481.1888
1163.7571  -16.7215  1741.6929
801.6082  -16.7215  1935.2644
408.6539  -16.7215  2054.4648
-520.1234  40.1857  2614.8369
-0.0001  40.1857  2666.0645
-1020.2587  40.1857  2463.1223
-1481.1860  40.1857  2216.7515
-1885.1924  40.1858  1885.1923
-2216.7520  40.1858  1481.1859
-2463.1226  40.1859  1020.2582
-2614.8372  40.1860  520.1226
-2666.0647  40.1861  -0.0010
-2614.8369  40.1861  -520.1247
-2463.1221  40.1862  -1020.2601
-2216.7510  40.1863  -1481.1876
-1885.1912  40.1863  -1885.1937
-1481.1846  40.1864  -2216.7532
-1020.2568  40.1864  -2463.1235
-520.1211  40.1865  -2614.8374
0.0026  40.1865  -2666.0645
520.1262  40.1865  -2614.8369
1020.2615  40.1864  -2463.1218
1481.1888  40.1864  -2216.7502
1885.1948  40.1863  -1885.1901
2216.7539  40.1863  -1481.1832
2463.1240  40.1862  -1020.2555
2614.8379  40.1861  -520.1196
2666.0647  40.1861  0.0041
2614.8362  40.1860  520.1276
2463.1208  40.1859  1020.2629
2216.7490  40.1858  1481.1902
1885.1887  40.1858  1885.1959
1481.1816  40.1857  2216.7544
1020.2537  40.1857  2463.1245
520.1177  40.1857  2614.8379

-0.0000  1.0000  0.0000
0.0392  0.9796  -0.1971
0.0000  0.9796  -0.2010
0.0769  0.9796  -0.1857
0.1117  0.9796  -0.1671
0.1421  0.9796  -0.1421
0.1671  0.9796  -0.1117
0.1857  0.9796  -0.0769
0.1971  0.9796  -0.0392
0.2010  0.9796  0.0000
0.1971  0.9796  0.0392
0.1857  0.9796  0.0769
0.1671  0.9796  0.1117
0.1421  0.9796  0.1421
0.1117  0.9796  0.1671
0.0769  0.9796  0.1857
0.0392  0.9796  0.1971
-0.0000  0.9796  0.2010
-0.0392  0.9796  0.1971
-0.0769  0.9796  0.1857
-0.1117  0.9796  0.1671
-0.1421  0.9796  0.1421
-0.1671  0.9796  0.1117
-0.1857  0.9796  0.0769
-0.1971  0.9796  0.0392
-0.2010  0.9796  -0.0000
-0.1971  0.9796  -0.0392
-0.1857  0.9796  -0.0769
-0.1671  0.9796  -0.1117
-0.1421  0.9796  -0.1421
-0.1117  0.9796  -0.1671
-0.0769  0.9796  -0.1857
-0.0392  0.9796  -0.1971
0.0757  0.9217  -0.3804
0.0000  0.9217  -0.3879
0.1484  0.9217  -0.3584
0.2155  0.9217  -0.3225
0.2743  0.9217  -0.2743
0.3225  0.9217  -0.2155
0.3584  0.9217  -0.1484
0.3804  0.9217  -0.0757
0.3879  0.9217  0.0000
0.3804  0.9217  0.0757
0.3584  0.9217  0.1484
0.3225  0.9217  0.2155
0.2743  0.9217  0.2743
0.2155  0.9217  0.3225
0.1484  0.9217  0.3584
0.0757  0.9217  0.3804
-0.0000  0.9217  0.3879
-0.0757  0.9217  0.3804
-0.1484  0.9217  0.3584
-0.2155  0.9217  0.3225
-0.2743  0.9217  0.2743
-0.3225  0.9217  0.2155
-0.3584  0.9217  0.1484
-0.3804  0.9217  0.0757
-0.3879  0.9217  -0.0000
-0.3804  0.9217  -0.0757
-0.3584  0.9217  -0.1484
-0.3225  0.9217  -0.2155
-0.2743  0.9217  -0.2743
-0.2155  0.9217  -0.3225
-0.1484  0.9217  -0.3584
-0.0757  0.9217  -0.3804
0.1092  0.8286  -0.5490
0.0000  0.8286  -0.5598
0.2142  0.8286  -0.5172
0.3110  0.8286  -0.4654
0.3958  0.8286  -0.3958
0.4654  0.8286  -0.3110
0.5172  0.8286  -0.2142
0.5490  0.8286  -0.1092
0.5598  0.8286  0.0000
0.5490  0.8286  0.1092
0.5172  0.8286  0.2142
0.4654  0.8286  0.3110
0.3958  0.8286  0.3958
0.3110  0.8286  0.4654
0.2142  0.8286  0.5172
0.1092  0.8286  0.5490
-0.0000  0.8286  0.5598
-0.1092  0.8286  0.5490
-0.2142  0.8286  0.5172
-0.3110  0.8286  0.4654
-0.3958  0.8286  0.3958
-0.4654  0.8286  0.3110
-0.5172  0.8286  0.2142
-0.5490  0.8286  0.1092
-0.5598  0.8286  -0.0000
-0.5490  0.8286  -0.1092
-0.5172  0.8286  -0.2142
-0.4654  0.8286  -0.3110
-0.3958  0.8286  -0.3958
-0.3110  0.8286  -0.4654
-0.2142  0.8286  -0.5172
-0.1092  0.8286  -0.5490
0.1238  0.7730  -0.6222
0.0000  0.7730  -0.6344
0.2428  0.7730  -0.5861
0.3525  0.7730  -0.5275
0.4486  0.7730  -0.4486
0.5275  0.7730  -0.3524
0.5861  0.7730  -0.2428
0.6222  0.7730  -0.1238
0.6344  0.7730  0.0000
0.6222  0.7730  0.1238
0.5861  0.7730  0.2428
0.5275  0.7730  0.3525
0.4486  0.7730  0.4486
0.3524  0.7730  0.5275
0.2428  0.7730  0.5861
0.1238  0.7730  0.6222
-0.0000  0.7730  0.6344
-0.1238  0.7730  0.6222
-0.2428  0.7730  0.5861
-0.3525  0.7730  0.5275
-0.4486  0.7730  0.4486
-0.5275  0.7730  0.3524
-0.5861  0.7730  0.2428
-0.6222  0.7730  0.1238
-0.6344  0.7730  -0.0000
-0.6222  0.7730  -0.1238
-0.5861  0.7730  -0.2428
-0.5275  0.7730  -0.3525
-0.4486  0.7730  -0.4486
-0.3524  0.7730  -0.5275
-0.2428  0.7730  -0.5861
-0.1238  0.7730  -0.6222

0.5000  0.5000  0.6247
0.4741  0.6301  0.6158
0.5000  0.6326  0.6158
0.4492  0.6225  0.6158
0.4263  0.6103  0.6158
0.4062  0.5938  0.6158
0.3897  0.5737  0.6158
0.3775  0.5508  0.6158
0.3699  0.5259  0.6158
0.3674  0.5000  0.6158
0.3699  0.4741  0.6158
0.3775  0.4492  0.6158
0.3897  0.4263  0.6158
0.4062  0.4062  0.6158
0.4263  0.3897  0.6158
0.4492  0.3775  0.6158
0.4741  0.3699  0.6158
0.5000  0.3674  0.6158
0.5259  0.3699  0.6158
0.5508  0.3775  0.6158
0.5737  0.3897  0.6158
0.5938  0.4062  0.6158
0.6103  0.4263  0.6158
0.6225  0.4492  0.6158
0.6301  0.4741  0.6158
0.6326  0.5000  0.6158
0.6301  0.5259  0.6158
0.6225  0.5508  0.6158
0.6103  0.5737  0.6158
0.5938  0.5938  0.6158
0.5737  0.6103  0.6158
0.5508  0.6225  0.6158
0.5259  0.6301  0.6158
0.4492  0.7552  0.5895
0.5000  0.7602  0.5895
0.4004  0.7404  0.5895
0.3555  0.7163  0.5895
0.3160  0.6840  0.5895
0.2837  0.6445  0.5895
0.2596  0.5996  0.5895
0.2448  0.5508  0.5895
0.2398  0.5000  0.5895
0.2448  0.4492  0.5895
0.2596  0.4004  0.5895
0.2837  0.3555  0.5895
0.3160  0.3160  0.5895
0.3555  0.2837  0.5895
0.4004  0.2596  0.5895
0.4492  0.2448  0.5895
0.5000  0.2398  0.5895
0.5508  0.2448  0.5895
0.5996  0.2596  0.5895
0.6445  0.2837  0.5895
0.6840  0.3160  0.5895
0.7163  0.3555  0.5895
0.7404  0.4004  0.5895
0.7552  0.4492  0.5895
0.7602  0.5000  0.5895
0.7552  0.5508  0.5895
0.7404  0.5996  0.5895
0.7163  0.6445  0.5895
0.6840  0.6840  0.5895
0.6445  0.7163  0.5895
0.5996  0.7404  0.5895
0.5508  0.7552  0.5895
0.4263  0.8704  0.5468
0.5000  0.8777  0.5468
0.3555  0.8489  0.5468
0.2902  0.8140  0.5468
0.2329  0.7671  0.5468
0.1860  0.7098  0.5468
0.1511  0.6445  0.5468
0.1296  0.5737  0.5468
0.1223  0.5000  0.5468
0.1296  0.4263  0.5468
0.1511  0.3555  0.5468
0.1860  0.2902  0.5468
0.2329  0.2329  0.5468
0.2902  0.1860  0.5468
0.3555  0.1511  0.5468
0.4263  0.1296  0.5468
0.5000  0.1223  0.5468
0.5737  0.1296  0.5468
0.6445  0.1511  0.5468
0.7098  0.1860  0.5468
0.7671  0.2329  0.5468
0.8140  0.2902  0.5468
0.8489  0.3555  0.5468
0.8704  0.4263  0.5468
0.8777  0.5000  0.5468
0.8704  0.5737  0.5468
0.8489  0.6445  0.5468
0.8140  0.7098  0.5468
0.7671  0.7671  0.5468
0.7098  0.8140  0.5468
0.6445  0.8489  0.5468
0.5737  0.8704  0.5468
0.4062  0.9715  0.4893
0.5000  0.9807  0.4893
0.3160  0.9441  0.4893
0.2329  0.8997  0.4893
0.1601  0.8399  0.4893
0.1003  0.7671  0.4893
0.0559  0.6840  0.4893
0.0285  0.5938  0.4893
0.0193  0.5000  0.4893
0.0285  0.4062  0.4893
0.0559  0.3160  0.4893
0.1003  0.2329  0.4893
0.1601  0.1601  0.4893
0.2329  0.1003  0.4893
0.3160  0.0559  0.4893
0.4062  0.0285  0.4893
0.5000  0.0193  0.4893
0.5938  0.0285  0.4893
0.6840  0.0559  0.4893
0.7671  0.1003  0.4893
0.8399  0.1601  0.4893
0.8997  0.2329  0.4893
0.9441  0.3160  0.4893
0.9715  0.4062  0.4893
0.9807  0.5000  0.4893
0.9715  0.5938  0.4893
0.9441  0.6840  0.4893
0.8997  0.7671  0.4893
0.8399  0.8399  0.4893
0.7671  0.8997  0.4893
0.6840  0.9441  0.4893
0.5938  0.9715  0.4893

1 1 1  2 2 2  3 3 3  
1 1 1  4 4 4  2 2 2  
1 1 1  5 5 5  4 4 4  
1 1 1  6 6 6  5 5 5  
1 1 1  7 7 7  6 6 6  
1 1 1  8 8 8  7 7 7  
1 1 1  9 9 9  8 8 8  
1 1 1  10 10 10  9 9 9  
1 1 1  11 11 11  10 10 10  
1 1 1  12 12 12  11 11 11  
1 1 1  13 13 13  12 12 12  
1 1 1  14 14 14  13 13 13  
1 1 1  15 15 15  14 14 14  
1 1 1  16 16 16  15 15 15  
1 1 1  17 17 17  16 16 16  
1 1 1  18 18 18  17 17 17  
1 1 1  19 19 19  18 18 18  
1 1 1  20 20 20  19 19 19  
1 1 1  21 21 21  20 20 20  
1 1 1  22 22 22  21 21 21  
1 1 1  23 23 23  22 22 22  
1 1 1  24 24 24  23 23 23  
1 1 1  25 25 25  24 24 24  
1 1 1  26 26 26  25 25 25  
1 1 1  27 27 27  26 26 26  
1 1 1  28 28 28  27 27 27  
1 1 1  29 29 29  28 28 28  
1 1 1  30 30 30  29 29 29  
1 1 1  31 31 31  30 30 30  
1 1 1  32 32 32  31 31 31  
1 1 1  33 33 33  32 32 32  
1 1 1  3 3 3  33 33 33  
34 34 34  35 35 35  3 3 3  
3 3 3  2 2 2  34 34 34  
36 36 36  34 34 34  2 2 2  
2 2 2  4 4 4  36 36 36  
37 37 37  36 36 36  4 4 4  
4 4 4  5 5 5  37 37 37  
38 38 38  37 37 37  5 5 5  
5 5 5  6 6 6  38 38 38  
39 39 39  38 38 38  6 6 6  
6 6 6  7 7 7  39 39 39  
40 40 40  39 39 39  7 7 7  
7 7 7  8 8 8  40 40 40  
41 41 41  40 40 40  8 8 8  
8 8 8  9 9 9  41 41 41  
42 42 42  41 41 41  9 9 9  
9 9 9  10 10 10  42 42 42  
43 43 43  42 42 42  10 10 10  
10 10 10  11 11 11  43 43 43  
44 44 44  43 43 43  11 11 11  
11 11 11  12 12 12  44 44 44  
45 45 45  44 44 44  12 12 12  
12 12 12  13 13 13  45 45 45  
46 46 46  45 45 45  13 13 13  
13 13 13  14 14 14  46 46 46  
47 47 47  46 46 46  14 14 14  
14 14 14  15 15 15  47 47 47  
48 48 48  47 47 47  15 15 15  
15 15 15  16 16 16  48 48 48  
49 49 49  48 48 48  16 16 16  
16 16 16  17 17 17  49 49 49  
50 50 50  49 49 49  17 17 17  
17 17 17  18 18 18  50 50 50  
51 51 51  50 50 50  18 18 18  
18 18 18  19 19 19  51 51 51  
52 52 52  51 51 51  19 19 19  
19 19 19  20 20 20  52 52 52  
53 53 53  52 52 52  20 20 20  
20 20 20  21 21 21  53 53 53  
54 54 54  53 53 53  21 21 21  
21 21 21  22 22 22  54 54 54  
55 55 55  54 54 54  22 22 22  
22 22 22  23 23 23  55 55 55  
56 56 56  55 55 55  23 23 23  
23 23 23  24 24 24  56 56 56  
57 57 57  56 56 56  24 24 24  
24 24 24  25 25 25  57 57 57  
58 58 58  57 57 57  25 25 25  
25 25 25  26 26 26  58 58 58  
59 59 59  58 58 58  26 26 26  
26 26 26  27 27 27  59 59 59  
60 60 60  59 59 59  27 27 27  
27 27 27  28 28 28  60 60 60  
61 61 61  60 60 60  28 28 28  
28 28 28  29 29 29  61 61 61  
62 62 62  61 61 61  29 29 29  
29 29 29  30 30 30  62 62 62  
63 63 63  62 62 62  30 30 30  
30 30 30  31 31 31  63 63 63  
64 64 64  63 63 63  31 31 31  
31 31 31  32 32 32  64 64 64  
65 65 65  64 64 64  32 32 32  
32 32 32  33 33 33  65 65 65  
35 35 35  65 65 65  33 33 33  
33 33 33  3 3 3  35 35 35  
66 66 66  67 67 67  35 35 35  
35 35 35  34 34 34  66 66 66  
68 68 68  66 66 66  34 34 34  
34 34 34  36 36 36  68 68 68  
69 69 69  68 68 68  36 36 36  
36 36 36  37 37 37  69 69 69  
70 70 70  69 69 69  37 37 37  
37 37 37  38 38 38  70 70 70  
71 71 71  70 70 70  38 38 38  
38 38 38  39 39 39  71 71 71  
72 72 72  71 71 71  39 39 39  
39 39 39  40 40 40  72 72 72  
73 73 73  72 72 72  40 40 40  
40 40 40  41 41 41  73 73 73  
74 74 74  73 73 73  41 41 41  
41 41 41  42 42 42  74 74 74  
75 75 75  74 74 74  42 42 42  
42 42 42  43 43 43  75 75 75  
76 76 76  75 75 75  43 43 43  
43 43 43  44 44 44  76 76 76  
77 77 77  76 76 76  44 44 44  
44 44 44  45 45 45  77 77 77  
78 78 78  77 77 77  45 45 45  
45 45 45  46 46 46  78 78 78  
79 79 79  78 78 78  46 46 46  
46 46 46  47 47 47  79 79 79  
80 80 80  79 79 79  47 47 47  
47 47 47  48 48 48  80 80 80  
81 81 81  80 80 80  48 48 48  
48 48 48  49 49 49  81 81 81  
82 82 82  81 81 81  49 49 49  
49 49 49  50 50 50  82 82 82  
83 83 83  82 82 82  50 50 50  
50 50 50  51 51 51  83 83 83  
84 84 84  83 83 83  51 51 51  
51 51 51  52 52 52  84 84 84  
85 85 85  84 84 84  52 52 52  
52 52 52  53 53 53  85 85 85  
86 86 86  85 85 85  53 53 53  
53 53 53  54 54 54  86 86 86  
87 87 87  86 86 86  54 54 54  
54 54 54  55 55 55  87 87 87  
88 88 88  87 87 87  55 55 55  
55 55 55  56 56 56  88 88 88  
89 89 89  88 88 88  56 56 56  
56 56 56  57 57 57  89 89 89  
90 90 90  89 89 89  57 57 57  
57 57 57  58 58 58  90 90 90  
91 91 91  90 90 90  58 58 58  
58 58 58  59 59 59  91 91 91  
92 92 92  91 91 91  59 59 59  
59 59 59  60 60 60  92 92 92  
93 93 93  92 92 92  60 60 60  
60 60 60  61 61 61  93 93 93  
94 94 94  93 93 93  61 61 61  
61 61 61  62 62 62  94 94 94  
95 95 95  94 94 94  62 62 62  
62 62 62  63 63 63  95 95 95  
96 96 96  95 95 95  63 63 63  
63 63 63  64 64 64  96 96 96  
97 97 97  96 96 96  64 64 64  
64 64 64  65 65 65  97 97 97  
67 67 67  97 97 97  65 65 65  
65 65 65  35 35 35  67 67 67  
98 98 98  99 99 99  67 67 67  
67 67 67  66 66 66  98 98 98  
100 100 100  98 98 98  66 66 66  
66 66 66  68 68 68  100 100 100  
101 101 101  100 100 100  68 68 68  
68 68 68  69 69 69  101 101 101  
102 102 102  101 101 101  69 69 69  
69 69 69  70 70 70  102 102 102  
103 103 103  102 102 102  70 70 70  
70 70 70  71 71 71  103 103 103  
104 104 104  103 103 103  71 71 71  
71 71 71  72 72 72  104 104 104  
105 105 105  104 104 104  72 72 72  
72 72 72  73 73 73  105 105 105  
106 106 106  105 105 105  73 73 73  
73 73 73  74 74 74  106 106 106  
107 107 107  106 106 106  74 74 74  
74 74 74  75 75 75  107 107 107  
108 108 108  107 107 107  75 75 75  
75 75 75  76 76 76  108 108 108  
109 109 109  108 108 108  76 76 76  
76 76 76  77 77 77  109 109 109  
110 110 110  109 109 109  77 77 77  
77 77 77  78 78 78  110 110 110  
111 111 111  110 110 110  78 78 78  
78 78 78  79 79 79  111 111 111  
112 112 112  111 111 111  79 79 79  
79 79 79  80 80 80  112 112 112  
113 113 113  112 112 112  80 80 80  
80 80 80  81 81 81  113 113 113  
114 114 114  113 113 113  81 81 81  
81 81 81  82 82 82  114 114 114  
115 115 115  114 114 114  82 82 82  
82 82 82  83 83 83  115 115 115  
116 116 116  115 115 115  83 83 83  
83 83 83  84 84 84  116 116 116  
117 117 117  116 116 116  84 84 84  
84 84 84  85 85 85  117 117 117  
118 118 118  117 117 117  85 85 85  
85 85 85  86 86 86  118 118 118  
119 119 119  118 118 118  86 86 86  
86 86 86  87 87 87  119 119 119  
120 120 120  119 119 119  87 87 87  
87 87 87  88 88 88  120 120 120  
121 121 121  120 120 120  88 88 88  
88 88 88  89 89 89  121 121 121  
122 122 122  121 121 121  89 89 89  
89 89 89  90 90 90  122 122 122  
123 123 123  122 122 122  90 90 90  
90 90 90  91 91 91  123 123 123  
124 124 124  123 123 123  91 91 91  
91 91 91  92 92 92  124 124 124  
125 125 125  124 124 124  92 92 92  
92 92 92  93 93 93  125 125 125  
126 126 126  125 125 125  93 93 93  
93 93 93  94 94 94  126 126 126  
127 127 127  126 126 126  94 94 94  
94 94 94  95 95 95  127 127 127  
128 128 128  127 127 127  95 95 95  
95 95 95  96 96 96  128 128 128  
129 129 129  128 128 128  96 96 96  
96 96 96  97 97 97  129 129 129  
99 99 99  129 129 129  97 97 97  
97 97 97  67 67 67  99 99 99  