0.0000  171.4785  -0.0002
-143.5017  162.6859  -721.4320
-0.0000  162.6859  -735.5657
-281.4887  162.6859  -679.5741
-408.6584  162.6859  -611.6006
-520.1234  162.6859  -520.1236
-611.6006  162.6859  -408.6585
-679.5741  162.6859  -281.4888
-721.4319  162.6859  -143.5017
-735.5656  162.6859  0.0001
-721.4319  162.6859  143.5019
-679.5739  162.6859  281.4890
-611.6002  162.6859  408.6585
-520.1231  162.6859  520.1236
-408.6579  162.6859  611.6005
-281.4882  162.6859  679.5740
-143.5011  162.6859  721.4319
0.0007  162.6859  735.5654
143.5025  162.6859  721.4316
281.4895  162.6859  679.5735
408.6591  162.6859  611.5998
520.1240  162.6859  520.1226
611.6010  162.6859  408.6574
679.5743  162.6859  281.4876
721.4321  162.6859  143.5005
735.5655  162.6859  -0.0013
721.4316  162.6859  -143.5031
679.5734  162.6859  -281.4901
611.5996  162.6859  -408.6596
520.1224  162.6859  -520.1246
408.6571  162.6859  -611.6014
281.4873  162.6859  -679.5747
143.5002  162.6859  -721.4324
-281.4888  136.6465  -1415.1398
-0.0001  136.6465  -1442.8638
-552.1600  136.6465  -1333.0326
-801.6121  136.6465  -1199.6976
-1020.2589  136.6465  -1020.2589
-1199.6975  136.6465  -801.6122
-1333.0325  136.6465  -552.1600
-1415.1396  136.6465  -281.4886
-1442.8639  136.6465  0.0003
-1415.1395  136.6465  281.4892
-1333.0321  136.6465  552.1605
-1199.6969  136.6465  801.6127
-1020.2581  136.6465  1020.2593
-801.6113  136.6465  1199.6979
-552.1590  136.6465  1333.0327
-281.4875  136.6465  1415.1398
0.0014  136.6465  1442.8638
281.4902  136.6465  1415.1393
552.1616  136.6465  1333.0316
801.6136  136.6465  1199.6964
1020.2601  136.6465  1020.2573
1199.6986  136.6465  801.6105
1333.0331  136.6465  552.1580
1415.1400  136.6465  281.4865
1442.8639  136.6465  -0.0025
1415.1390  136.6465  -281.4913
1333.0314  136.6465  -552.1626
1199.6959  136.6465  -801.6145
1020.2568  136.6465  -1020.2609
801.6098  136.6465  -1199.6990
552.1573  136.6465  -1333.0337
281.4857  136.6465  -1415.1401
-408.6584  94.3605  -2054.4644
-0.0001  94.3605  -2094.7136
-801.6121  94.3605  -1935.2631
-1163.7604  94.3605  -1741.6908
-1481.1860  94.3605  -1481.1862
-1741.6907  94.3605  -1163.7605
-1935.2631  94.3605  -801.6120
-2054.4641  94.3605  -408.6580
-2094.7134  94.3605  0.0005
-2054.4641  94.3605  408.6590
-1935.2625  94.3605  801.6129
-1741.6901  94.3605  1163.7614
-1481.1852  94.3605  1481.1870
-1163.7593  94.3605  1741.6914
-801.6105  94.3605  1935.2635
-408.6565  94.3605  2054.4644
0.0020  94.3605  2094.7131
408.6605  94.3605  2054.4636
801.6143  94.3605  1935.2621
1163.7626  94.3605  1741.6891
1481.1879  94.3605  1481.1840
1741.6923  94.3605  1163.7581
1935.2642  94.3605  801.6092
2054.4648  94.3605  408.6551
2094.7134  94.3605  -0.0035
2054.4636  94.3605  -408.6619
1935.2616  94.3605  -801.6158
1741.6886  94.3605  -1163.7639
1481.1832  94.3605  -1481.1891
1163.7571  94.3605  -1741.6931
801.6082  94.3605  -1935.2646
408.6539  94.3605  -2054.4653
-520.1234  37.4533  -2614.8374
-0.0001  37.4533  -2666.0649
-1020.2587  37.4533  -2463.1228
-1481.1860  37.4533  -2216.7520
-1885.1924  37.4533  -1885.1925
-2216.7520  37.4533  -1481.1862
-2463.1226  37.4533  -1020.2585
-2614.8372  37.4533  -520.1229
-2666.0647  37.4533  0.0007
-2614.8369  37.4533  520.1243
-2463.1221  37.4533  1020.2598
-2216.7510  37.4533  1481.1874
-1885.1912  37.4533  1885.1935
-1481.1846  37.4533  2216.7527
-1020.2568  37.4533  2463.1230
-520.1211  37.4533  2614.8369
0.0026  37.4533  2666.0640
520.1262  37.4533  2614.8364
1020.2615  37.4533  2463.1213
1481.1888  37.4533  2216.7498
1885.1948  37.4533  1885.1898
2216.7539  37.4533  1481.1830
2463.1240  37.4533  1020.2551
2614.8379  37.4533  520.1193
2666.0647  37.4533  -0.0044
2614.8362  37.4533  -520.1280
2463.1208  37.4533  -1020.2632
2216.7490  37.4533  -1481.1904
1885.1887  37.4533  -1885.1962
1481.1816  37.4533  -2216.7549
1020.2537  37.4533  -2463.1250
520.1177  37.4533  -2614.8384

-0.0000  -1.0000  0.0000
0.0392  -0.9796  0.1971
0.0000  -0.9796  0.2010
0.0769  -0.9796  0.1857
0.1117  -0.9796  0.1671
0.1421  -0.9796  0.1421
0.1671  -0.9796  0.1117
0.1857  -0.9796  0.0769
0.1971  -0.9796  0.0392
0.2010  -0.9796  -0.0000
0.1971  -0.9796  -0.0392
0.1857  -0.9796  -0.0769
0.1671  -0.9796  -0.1117
0.1421  -0.9796  -0.1421
0.1117  -0.9796  -0.1671
0.0769  -0.9796  -0.1857
0.0392  -0.9796  -0.1971
-0.0000  -0.9796  -0.2010
-0.0392  -0.9796  -0.1971
-0.0769  -0.9796  -0.1857
-0.1117  -0.9796  -0.1671
-0.1421  -0.9796  -0.1421
-0.1671  -0.9796  -0.1117
-0.1857  -0.9796  -0.0769
-0.1971  -0.9796  -0.0392
-0.2010  -0.9796  0.0000
-0.1971  -0.9796  0.0392
-0.1857  -0.9796  0.0769
-0.1671  -0.9796  0.1117
-0.1421  -0.9796  0.1421
-0.1117  -0.9796  0.1671
-0.0769  -0.9796  0.1857
-0.0392  -0.9796  0.1971
0.0757  -0.9217  0.3804
0.0000  -0.9217  0.3879
0.1484  -0.9217  0.3584
0.2155  -0.9217  0.3225
0.2743  -0.9217  0.2743
0.3225  -0.9217  0.2155
0.3584  -0.9217  0.1484
0.3804  -0.9217  0.0757
0.3879  -0.9217  -0.0000
0.3804  -0.9217  -0.0757
0.3584  -0.9217  -0.1484
0.3225  -0.9217  -0.2155
0.2743  -0.9217  -0.2743
0.2155  -0.9217  -0.3225
0.1484  -0.9217  -0.3584
0.0757  -0.9217  -0.3804
-0.0000  -0.9217  -0.3879
-0.0757  -0.9217  -0.3804
-0.1484  -0.9217  -0.3584
-0.2155  -0.9217  -0.3225
-0.2743  -0.9217  -0.2743
-0.3225  -0.9217  -0.2155
-0.3584  -0.9217  -0.1484
-0.3804  -0.9217  -0.0757
-0.3879  -0.9217  0.0000
-0.3804  -0.9217  0.0757
-0.3584  -0.9217  0.1484
-0.3225  -0.9217  0.2155
-0.2743  -0.9217  0.2743
-0.2155  -0.9217  0.3225
-0.1484  -0.9217  0.3584
-0.0757  -0.9217  0.3804
0.1092  -0.8286  0.5490
0.0000  -0.8286  0.5598
0.2142  -0.8286  0.5172
0.3110  -0.8286  0.4654
0.3958  -0.8286  0.3958
0.4654  -0.8286  0.3110
0.5172  -0.8286  0.2142
0.5490  -0.8286  0.1092
0.5598  -0.8286  -0.0000
0.5490  -0.8286  -0.1092
0.5172  -0.8286  -0.2142
0.4654  -0.8286  -0.3110
0.3958  -0.8286  -0.3958
0.3110  -0.8286  -0.4654
0.2142  -0.8286  -0.5172
0.1092  -0.8286  -0.5490
-0.0000  -0.8286  -0.5598
-0.1092  -0.8286  -0.5490
-0.2142  -0.8286  -0.5172
-0.3110  -0.8286  -0.4654
-0.3958  -0.8286  -0.3958
-0.4654  -0.8286  -0.3110
-0.5172  -0.8286  -0.2142
-0.5490  -0.8286  -0.1092
-0.5598  -0.8286  0.0000
-0.5490  -0.8286  0.1092
-0.5172  -0.8286  0.2142
-0.4654  -0.8286  0.3110
-0.3958  -0.8286  0.3958
-0.3110  -0.8286  0.4654
-0.2142  -0.8286  0.5172
-0.1092  -0.8286  0.5490
0.1238  -0.7730  0.6222
0.0000  -0.7730  0.6344
0.2428  -0.7730  0.5861
0.3525  -0.7730  0.5275
0.4486  -0.7730  0.4486
0.5275  -0.7730  0.3524
0.5861  -0.7730  0.2428
0.6222  -0.7730  0.1238
0.6344  -0.7730  -0.0000
0.6222  -0.7730  -0.1238
0.5861  -0.7730  -0.2428
0.5275  -0.7730  -0.3525
0.4486  -0.7730  -0.4486
0.3524  -0.7730  -0.5275
0.2428  -0.7730  -0.5861
0.1238  -0.7730  -0.6222
-0.0000  -0.7730  -0.6344
-0.1238  -0.7730  -0.6222
-0.2428  -0.7730  -0.5861
-0.3525  -0.7730  -0.5275
-0.4486  -0.7730  -0.4486
-0.5275  -0.7730  -0.3524
-0.5861  -0.7730  -0.2428
-0.6222  -0.7730  -0.1238
-0.6344  -0.7730  0.0000
-0.6222  -0.7730  0.1238
-0.5861  -0.7730  0.2428
-0.5275  -0.7730  0.3525
-0.4486  -0.7730  0.4486
-0.3524  -0.7730  0.5275
-0.2428  -0.7730  0.5861
-0.1238  -0.7730  0.6222

0.5000  0.5000  0.6247
0.4741  0.6301  0.6158
0.5000  0.6326  0.6158
0.4492  0.6225  0.6158
0.4263  0.6103  0.6158
0.4062  0.5938  0.6158
0.3897  0.5737  0.6158
0.3775  0.5508  0.6158
0.3699  0.5259  0.6158
0.3674  0.5000  0.6158
0.3699  0.4741  0.6158
0.3775  0.4492  0.6158
0.3897  0.4263  0.6158
0.4062  0.4062  0.6158
0.4263  0.3897  0.6158
0.4492  0.3775  0.6158
0.4741  0.3699  0.6158
0.5000  0.3674  0.6158
0.5259  0.3699  0.6158
0.5508  0.3775  0.6158
0.5737  0.3897  0.6158
0.5938  0.4062  0.6158
0.6103  0.4263  0.6158
0.6225  0.4492  0.6158
0.6301  0.4741  0.6158
0.6326  0.5000  0.6158
0.6301  0.5259  0.6158
0.6225  0.5508  0.6158
0.6103  0.5737  0.6158
0.5938  0.5938  0.6158
0.5737  0.6103  0.6158
0.5508  0.6225  0.6158
0.5259  0.6301  0.6158
0.4492  0.7552  0.5895
0.5000  0.7602  0.5895
0.4004  0.7404  0.5895
0.3555  0.7163  0.5895
0.3160  0.6840  0.5895
0.2837  0.6445  0.5895
0.2596  0.5996  0.5895
0.2448  0.5508  0.5895
0.2398  0.5000  0.5895
0.2448  0.4492  0.5895
0.2596  0.4004  0.5895
0.2837  0.3555  0.5895
0.3160  0.3160  0.5895
0.3555  0.2837  0.5895
0.4004  0.2596  0.5895
0.4492  0.2448  0.5895
0.5000  0.2398  0.5895
0.5508  0.2448  0.5895
0.5996  0.2596  0.5895
0.6445  0.2837  0.5895
0.6840  0.3160  0.5895
0.7163  0.3555  0.5895
0.7404  0.4004  0.5895
0.7552  0.4492  0.5895
0.7602  0.5000  0.5895
0.7552  0.5508  0.5895
0.7404  0.5996  0.5895
0.7163  0.6445  0.5895
0.6840  0.6840  0.5895
0.6445  0.7163  0.5895
0.5996  0.7404  0.5895
0.5508  0.7552  0.5895
0.4263  0.8704  0.5468
0.5000  0.8777  0.5468
0.3555  0.8489  0.5468
0.2902  0.8140  0.5468
0.2329  0.7671  0.5468
0.1860  0.7098  0.5468
0.1511  0.6445  0.5468
0.1296  0.5737  0.5468
0.1223  0.5000  0.5468
0.1296  0.4263  0.5468
0.1511  0.3555  0.5468
0.1860  0.2902  0.5468
0.2329  0.2329  0.5468
0.2902  0.1860  0.5468
0.3555  0.1511  0.5468
0.4263  0.1296  0.5468
0.5000  0.1223  0.5468
0.5737  0.1296  0.5468
0.6445  0.1511  0.5468
0.7098  0.1860  0.5468
0.7671  0.2329  0.5468
0.8140  0.2902  0.5468
0.8489  0.3555  0.5468
0.8704  0.4263  0.5468
0.8777  0.5000  0.5468
0.8704  0.5737  0.5468
0.8489  0.6445  0.5468
0.8140  0.7098  0.5468
0.7671  0.7671  0.5468
0.7098  0.8140  0.5468
0.6445  0.8489  0.5468
0.5737  0.8704  0.5468
0.4062  0.9715  0.4893
0.5000  0.9807  0.4893
0.3160  0.9441  0.4893
0.2329  0.8997  0.4893
0.1601  0.8399  0.4893
0.1003  0.7671  0.4893
0.0559  0.6840  0.4893
0.0285  0.5938  0.4893
0.0193  0.5000  0.4893
0.0285  0.4062  0.4893
0.0559  0.3160  0.4893
0.1003  0.2329  0.4893
0.1601  0.1601  0.4893
0.2329  0.1003  0.4893
0.3160  0.0559  0.4893
0.4062  0.0285  0.4893
0.5000  0.0193  0.4893
0.5938  0.0285  0.4893
0.6840  0.0559  0.4893
0.7671  0.1003  0.4893
0.8399  0.1601  0.4893
0.8997  0.2329  0.4893
0.9441  0.3160  0.4893
0.9715  0.4062  0.4893
0.9807  0.5000  0.4893
0.9715  0.5938  0.4893
0.9441  0.6840  0.4893
0.8997  0.7671  0.4893
0.8399  0.8399  0.4893
0.7671  0.8997  0.4893
0.6840  0.9441  0.4893
0.5938  0.9715  0.4893

1 1 1  2 2 2  3 3 3  
1 1 1  4 4 4  2 2 2  
1 1 1  5 5 5  4 4 4  
1 1 1  6 6 6  5 5 5  
1 1 1  7 7 7  6 6 6  
1 1 1  8 8 8  7 7 7  
1 1 1  9 9 9  8 8 8  
1 1 1  10 10 10  9 9 9  
1 1 1  11 11 11  10 10 10  
1 1 1  12 12 12  11 11 11  
1 1 1  13 13 13  12 12 12  
1 1 1  14 14 14  13 13 13  
1 1 1  15 15 15  14 14 14  
1 1 1  16 16 16  15 15 15  
1 1 1  17 17 17  16 16 16  
1 1 1  18 18 18  17 17 17  
1 1 1  19 19 19  18 18 18  
1 1 1  20 20 20  19 19 19  
1 1 1  21 21 21  20 20 20  
1 1 1  22 22 22  21 21 21  
1 1 1  23 23 23  22 22 22  
1 1 1  24 24 24  23 23 23  
1 1 1  25 25 25  24 24 24  
1 1 1  26 26 26  25 25 25  
1 1 1  27 27 27  26 26 26  
1 1 1  28 28 28  27 27 27  
1 1 1  29 29 29  28 28 28  
1 1 1  30 30 30  29 29 29  
1 1 1  31 31 31  30 30 30  
1 1 1  32 32 32  31 31 31  
1 1 1  33 33 33  32 32 32  
1 1 1  3 3 3  33 33 33  
34 34 34  35 35 35  3 3 3  
3 3 3  2 2 2  34 34 34  
36 36 36  34 34 34  2 2 2  
2 2 2  4 4 4  36 36 36  
37 37 37  36 36 36  4 4 4  
4 4 4  5 5 5  37 37 37  
38 38 38  37 37 37  5 5 5  
5 5 5  6 6 6  38 38 38  
39 39 39  38 38 38  6 6 6  
6 6 6  7 7 7  39 39 39  
40 40 40  39 39 39  7 7 7  
7 7 7  8 8 8  40 40 40  
41 41 41  40 40 40  8 8 8  
8 8 8  9 9 9  41 41 41  
42 42 42  41 41 41  9 9 9  
9 9 9  10 10 10  42 42 42  
43 43 43  42 42 42  10 10 10  
10 10 10  11 11 11  43 43 43  
44 44 44  43 43 43  11 11 11  
11 11 11  12 12 12  44 44 44  
45 45 45  44 44 44  12 12 12  
12 12 12  13 13 13  45 45 45  
46 46 46  45 45 45  13 13 13  
13 13 13  14 14 14  46 46 46  
47 47 47  46 46 46  14 14 14  
14 14 14  15 15 15  47 47 47  
48 48 48  47 47 47  15 15 15  
15 15 15  16 16 16  48 48 48  
49 49 49  48 48 48  16 16 16  
16 16 16  17 17 17  49 49 49  
50 50 50  49 49 49  17 17 17  
17 17 17  18 18 18  50 50 50  
51 51 51  50 50 50  18 18 18  
18 18 18  19 19 19  51 51 51  
52 52 52  51 51 51  19 19 19  
19 19 19  20 20 20  52 52 52  
53 53 53  52 52 52  20 20 20  
20 20 20  21 21 21  53 53 53  
54 54 54  53 53 53  21 21 21  
21 21 21  22 22 22  54 54 54  
55 55 55  54 54 54  22 22 22  
22 22 22  23 23 23  55 55 55  
56 56 56  55 55 55  23 23 23  
23 23 23  24 24 24  56 56 56  
57 57 57  56 56 56  24 24 24  
24 24 24  25 25 25  57 57 57  
58 58 58  57 57 57  25 25 25  
25 25 25  26 26 26  58 58 58  
59 59 59  58 58 58  26 26 26  
26 26 26  27 27 27  59 59 59  
60 60 60  59 59 59  27 27 27  
27 27 27  28 28 28  60 60 60  
61 61 61  60 60 60  28 28 28  
28 28 28  29 29 29  61 61 61  
62 62 62  61 61 61  29 29 29  
29 29 29  30 30 30  62 62 62  
63 63 63  62 62 62  30 30 30  
30 30 30  31 31 31  63 63 63  
64 64 64  63 63 63  31 31 31  
31 31 31  32 32 32  64 64 64  
65 65 65  64 64 64  32 32 32  
32 32 32  33 33 33  65 65 65  
35 35 35  65 65 65  33 33 33  
33 33 33  3 3 3  35 35 35  
66 66 66  67 67 67  35 35 35  
35 35 35  34 34 34  66 66 66  
68 68 68  66 66 66  34 34 34  
34 34 34  36 36 36  68 68 68  
69 69 69  68 68 68  36 36 36  
36 36 36  37 37 37  69 69 69  
70 70 70  69 69 69  37 37 37  
37 37 37  38 38 38  70 70 70  
71 71 71  70 70 70  38 38 38  
38 38 38  39 39 39  71 71 71  
72 72 72  71 71 71  39 39 39  
39 39 39  40 40 40  72 72 72  
73 73 73  72 72 72  40 40 40  
40 40 40  41 41 41  73 73 73  
74 74 74  73 73 73  41 41 41  
41 41 41  42 42 42  74 74 74  
75 75 75  74 74 74  42 42 42  
42 42 42  43 43 43  75 75 75  
76 76 76  75 75 75  43 43 43  
43 43 43  44 44 44  76 76 76  
77 77 77  76 76 76  44 44 44  
44 44 44  45 45 45  77 77 77  
78 78 78  77 77 77  45 45 45  
45 45 45  46 46 46  78 78 78  
79 79 79  78 78 78  46 46 46  
46 46 46  47 47 47  79 79 79  
80 80 80  79 79 79  47 47 47  
47 47 47  48 48 48  80 80 80  
81 81 81  80 80 80  48 48 48  
48 48 48  49 49 49  81 81 81  
82 82 82  81 81 81  49 49 49  
49 49 49  50 50 50  82 82 82  
83 83 83  82 82 82  50 50 50  
50 50 50  51 51 51  83 83 83  
84 84 84  83 83 83  51 51 51  
51 51 51  52 52 52  84 84 84  
85 85 85  84 84 84  52 52 52  
52 52 52  53 53 53  85 85 85  
86 86 86  85 85 85  53 53 53  
53 53 53  54 54 54  86 86 86  
87 87 87  86 86 86  54 54 54  
54 54 54  55 55 55  87 87 87  
88 88 88  87 87 87  55 55 55  
55 55 55  56 56 56  88 88 88  
89 89 89  88 88 88  56 56 56  
56 56 56  57 57 57  89 89 89  
90 90 90  89 89 89  57 57 57  
57 57 57  58 58 58  90 90 90  
91 91 91  90 90 90  58 58 58  
58 58 58  59 59 59  91 91 91  
92 92 92  91 91 91  59 59 59  
59 59 59  60 60 60  92 92 92  
93 93 93  92 92 92  60 60 60  
60 60 60  61 61 61  93 93 93  
94 94 94  93 93 93  61 61 61  
61 61 61  62 62 62  94 94 94  
95 95 95  94 94 94  62 62 62  
62 62 62  63 63 63  95 95 95  
96 96 96  95 95 95  63 63 63  
63 63 63  64 64 64  96 96 96  
97 97 97  96 96 96  64 64 64  
64 64 64  65 65 65  97 97 97  
67 67 67  97 97 97  65 65 65  
65 65 65  35 35 35  67 67 67  
98 98 98  99 99 99  67 67 67  
67 67 67  66 66 66  98 98 98  
100 100 100  98 98 98  66 66 66  
66 66 66  68 68 68  100 100 100  
101 101 101  100 100 100  68 68 68  
68 68 68  69 69 69  101 101 101  
102 102 102  101 101 101  69 69 69  
69 69 69  70 70 70  102 102 102  
103 103 103  102 102 102  70 70 70  
70 70 70  71 71 71  103 103 103  
104 104 104  103 103 103  71 71 71  
71 71 71  72 72 72  104 104 104  
105 105 105  104 104 104  72 72 72  
72 72 72  73 73 73  105 105 105  
106 106 106  105 105 105  73 73 73  
73 73 73  74 74 74  106 106 106  
107 107 107  106 106 106  74 74 74  
74 74 74  75 75 75  107 107 107  
108 108 108  107 107 107  75 75 75  
75 75 75  76 76 76  108 108 108  
109 109 109  108 108 108  76 76 76  
76 76 76  77 77 77  109 109 109  
110 110 110  109 109 109  77 77 77  
77 77 77  78 78 78  110 110 110  
111 111 111  110 110 110  78 78 78  
78 78 78  79 79 79  111 111 111  
112 112 112  111 111 111  79 79 79  
79 79 79  80 80 80  112 112 112  
113 113 113  112 112 112  80 80 80  
80 80 80  81 81 81  113 113 113  
114 114 114  113 113 113  81 81 81  
81 81 81  82 82 82  114 114 114  
115 115 115  114 114 114  82 82 82  
82 82 82  83 83 83  115 115 115  
116 116 116  115 115 115  83 83 83  
83 83 83  84 84 84  116 116 116  
117 117 117  116 116 116  84 84 84  
84 84 84  85 85 85  117 117 117  
118 118 118  117 117 117  85 85 85  
85 85 85  86 86 86  118 118 118  
119 119 119  118 118 118  86 86 86  
86 86 86  87 87 87  119 119 119  
120 120 120  119 119 119  87 87 87  
87 87 87  88 88 88  120 120 120  
121 121 121  120 120 120  88 88 88  
88 88 88  89 89 89  121 121 121  
122 122 122  121 121 121  89 89 89  
89 89 89  90 90 90  122 122 122  
123 123 123  122 122 122  90 90 90  
90 90 90  91 91 91  123 123 123  
124 124 124  123 123 123  91 91 91  
91 91 91  92 92 92  124 124 124  
125 125 125  124 124 124  92 92 92  
92 92 92  93 93 93  125 125 125  
126 126 126  125 125 125  93 93 93  
93 93 93  94 94 94  126 126 126  
127 127 127  126 126 126  94 94 94  
94 94 94  95 95 95  127 127 127  
128 128 128  127 127 127  95 95 95  
95 95 95  96 96 96  128 128 128  
129 129 129  128 128 128  96 96 96  
96 96 96  97 97 97  129 129 129  
99 99 99  129 129 129  97 97 97  
97 97 97  67 67 67  99 99 99  