-8.0750  -0.0000  5.0650
-8.0750  0.0000  -0.0000
0.4737  0.0000  -0.0000
0.4737  -0.0000  8.1250
-3.3262  0.0000  7.8379
8.7111  0.0000  -0.0000
9.0224  -0.0000  5.0650
6.9240  -0.0000  7.1634
-8.0750  0.0000  -4.2621
-4.7723  0.0000  -7.0577
0.4737  0.0000  -7.9783
6.9240  0.0000  -6.3605
9.0224  0.0000  -4.2621
-1.7492  56.4386  4.7180
-0.5192  56.4386  5.1460
-1.8066  57.3105  1.8012
-6.2177  56.4386  1.6919
-5.6348  56.4386  2.7633
1.2259  56.4386  5.2067
4.6029  56.4386  4.4967
5.8483  56.4386  3.1119
5.9103  56.5944  2.4660
5.6855  56.6623  2.0066
1.4725  57.5124  1.8550
-1.3181  56.9217  -0.4576
0.3117  56.3853  -2.4252
-6.5159  56.1828  0.0287
-4.6922  55.9455  -2.2970
-6.3109  55.7840  -1.3331
5.0148  56.9361  0.3526
4.7220  57.1000  -0.5455
3.8274  56.9314  -1.2407
1.6776  57.5731  0.0725
1.9972  56.5951  -1.8208
1.1086  5.6439  7.4120
-2.6913  5.6439  7.8053
7.5589  5.6439  7.1308
0.9499  11.2877  8.4725
-2.8500  11.2877  7.7923
7.4002  11.2877  7.1178
0.4737  16.9316  8.3163
-3.3262  16.9316  8.0467
6.9240  16.9316  7.3722
-0.0000  22.5754  9.4425
-3.7999  22.5754  9.1861
5.3570  22.5754  8.5116
1.6423  28.5496  9.8145
-4.1199  28.2193  9.5589
6.1304  28.2193  8.6611
0.0000  34.1934  9.2264
-3.7999  33.8632  9.1861
6.4503  33.8632  7.9486
-0.3200  39.5070  7.8797
-4.1199  39.5070  8.1589
5.3976  40.7299  7.4844
-0.0000  45.1509  8.0402
-3.7999  43.2243  7.9046
6.4503  45.1509  7.2301
0.3149  50.7948  8.1780
-3.4850  50.7948  7.1862
6.7653  50.7948  6.5117
0.2700  53.8245  7.6459
-3.0602  53.8562  6.7169
6.0949  53.8790  6.3119
9.3460  5.6439  -0.0000
9.6573  5.6439  5.0324
9.6573  5.6439  -3.9071
9.1873  11.2877  0.7896
9.4986  11.2877  5.0195
9.4986  11.2877  -3.9030
8.7111  16.9316  0.7896
9.0224  16.9316  5.2738
9.0224  16.9316  -4.1573
8.2374  22.5754  1.5753
8.5487  22.5754  6.4133
8.5487  22.5754  -4.3629
7.9175  28.2193  1.5753
8.2287  28.2193  6.7860
8.2287  28.5496  -3.9621
8.2374  33.8632  1.5753
8.5487  34.9976  6.4133
8.5487  34.1934  -3.9264
7.9175  39.5070  0.9019
8.2287  39.5070  5.3861
8.2287  39.5070  -3.8118
8.2374  45.1509  0.9019
8.5487  45.1509  5.1317
8.5487  45.1509  -3.4783
8.5524  50.7948  0.9019
8.8637  50.7948  4.4133
8.8637  50.0689  -2.5977
8.1600  53.8082  1.1762
8.1580  53.9027  4.1161
8.1024  53.8945  -2.0862
1.1086  5.6439  -6.0054
5.9614  5.6439  -7.7245
-4.1374  5.6439  -6.7027
0.9499  11.2877  -6.0013
5.5825  11.2877  -7.9648
-4.2961  11.2877  -6.6986
0.4737  16.9316  -6.2557
5.5721  16.9316  -7.4908
-4.7723  16.9316  -6.9530
-0.0000  22.5754  -6.4612
5.5633  22.5754  -7.2020
-6.4503  22.5754  -6.4612
-0.3200  28.2193  -7.4545
5.3571  28.2193  -6.8436
-6.7703  27.0783  -6.0605
-0.0000  33.8632  -7.4187
5.5497  33.8632  -6.5336
-6.4503  32.7221  -6.0247
-0.9581  40.2381  -8.0095
5.1793  39.5070  -7.0285
-6.2656  38.3660  -6.1160
-0.0000  45.1509  -6.9707
6.2055  45.1509  -5.8146
-5.9456  45.1509  -5.7825
0.3149  50.7948  -6.0900
5.2018  50.7948  -5.6380
-6.1354  50.7948  -4.6960
0.4847  53.8135  -4.2290
4.9507  54.3299  -3.7670
-5.1050  54.0462  -4.2087
-8.8400  4.7694  0.0952
-8.7065  5.6439  -2.5615
-7.4401  5.6439  5.0324
-8.3601  11.2877  1.4524
-7.5988  11.2877  -3.0566
-7.5988  11.2877  5.0195
-8.6065  16.9316  0.3140
-7.9803  17.5775  -2.5127
-8.0750  16.9316  5.2738
-9.1821  22.5754  2.0352
-9.5537  22.9838  -2.4245
-8.5487  22.5754  6.4133
-9.4755  28.2193  2.3064
-8.9993  28.2193  -2.4782
-8.8687  28.2193  6.7860
-9.5482  33.8632  2.1165
-8.3131  33.1362  -4.2700
-8.5487  33.8632  6.4133
-10.3060  39.5070  0.3827
-8.8687  38.8856  -2.5804
-8.8687  39.5070  5.3861
-9.6712  45.1509  2.0908
-9.4239  45.1509  -1.6131
-8.5487  45.1509  5.1317
-9.0125  50.7948  0.8947
-9.0571  50.7948  -1.4772
-8.2338  50.7948  4.4133
-8.7144  53.7645  0.8985
-8.4383  53.8562  -1.6113
-7.6404  53.8738  4.0717
0.3219  55.6131  6.1036
-7.3291  55.5567  0.9008
6.8898  55.6338  1.2423
0.5548  55.0580  -3.5374
-4.3850  55.1896  -3.3933
0.1189  55.5531  -3.2412
6.6904  56.0696  -1.4927
4.6182  55.6924  -3.0882
6.1031  56.1986  1.2224
0.8525  55.7536  -2.8085

-0.7318  -0.5529  0.3985
-0.6458  -0.7613  0.0582
0.0000  -1.0000  -0.0000
-0.0044  -0.6219  0.7831
-0.2191  -0.6249  0.7494
0.6281  -0.7781  0.0046
0.6793  -0.6817  0.2717
0.3146  -0.6664  0.6760
-0.6826  -0.5893  -0.4323
-0.3640  -0.5887  -0.7217
0.0925  -0.5127  -0.8536
0.3142  -0.6865  -0.6558
0.6860  -0.6703  -0.2829
-0.1583  0.9068  0.3906
-0.1037  0.9039  0.4149
-0.0978  0.9943  0.0434
-0.3834  0.9129  0.1401
-0.2578  0.9317  0.2558
0.0667  0.9096  0.4101
0.1693  0.9310  0.3235
0.3551  0.9149  0.1918
0.3294  0.9370  0.1164
0.2642  0.9645  0.0060
0.0439  0.9923  0.1156
-0.1027  0.9724  -0.2095
0.0517  0.9319  -0.3591
0.0195  0.8814  -0.4719
-0.3813  0.9089  -0.1688
-0.1660  0.9493  -0.2669
-0.3436  0.8895  -0.3012
0.2620  0.9651  -0.0039
0.0387  0.9990  -0.0219
0.0619  0.9557  -0.2878
0.0078  0.9902  -0.1392
0.0270  0.8992  -0.4368
0.0793  -0.0388  0.9961
-0.2272  -0.0225  0.9736
0.4366  -0.0100  0.8996
0.0425  -0.0872  0.9953
-0.3287  -0.0430  0.9434
0.4603  -0.0126  0.8877
0.0270  -0.1334  0.9907
-0.2926  -0.2109  0.9327
0.4608  -0.0634  0.8852
0.0386  -0.1878  0.9814
-0.2807  -0.2089  0.9368
0.3358  -0.1265  0.9334
0.1242  0.0211  0.9920
-0.2867  0.0024  0.9580
0.4542  -0.0217  0.8907
0.0423  0.2400  0.9698
-0.2412  0.1881  0.9521
0.4123  0.1763  0.8938
0.0523  0.1599  0.9857
-0.2601  0.1699  0.9505
0.3376  0.1066  0.9352
0.0790  -0.0182  0.9967
-0.2925  0.1202  0.9487
0.4500  0.0118  0.8929
0.0246  0.1255  0.9918
-0.3728  0.2203  0.9014
0.5025  0.1725  0.8472
-0.0217  0.5337  0.8454
-0.3147  0.5582  0.7677
0.4094  0.5302  0.7424
0.9980  -0.0624  0.0115
0.9378  -0.0540  0.3429
0.9464  -0.0439  -0.3199
0.9965  0.0839  -0.0067
0.9390  0.0681  0.3372
0.9397  0.0712  -0.3346
0.9918  0.1275  -0.0013
0.9431  0.0646  0.3261
0.9267  0.0953  -0.3634
0.9943  0.1063  -0.0093
0.8907  0.0295  0.4536
0.9179  0.0986  -0.3844
1.0000  0.0016  -0.0023
0.9031  -0.0234  0.4289
0.9310  0.0270  -0.3640
1.0000  -0.0057  -0.0074
0.8793  0.1393  0.4555
0.9291  -0.0020  -0.3698
1.0000  0.0005  0.0019
0.9170  0.0807  0.3907
0.9336  0.0304  -0.3570
0.9961  -0.0885  0.0031
0.9243  -0.0464  0.3789
0.9238  0.0043  -0.3829
0.9972  0.0731  -0.0140
0.9355  0.1462  0.3218
0.9154  0.1778  -0.3612
0.8624  0.5062  -0.0061
0.7549  0.5832  0.3000
0.7586  0.5065  -0.4098
-0.0182  0.1447  -0.9893
0.1947  -0.1570  -0.9682
-0.3357  0.1340  -0.9324
-0.1307  -0.0529  -0.9900
0.2000  0.0115  -0.9797
-0.3518  -0.0428  -0.9351
-0.0947  -0.0332  -0.9950
0.2847  0.0759  -0.9556
-0.3425  -0.0541  -0.9379
-0.1094  -0.1263  -0.9859
0.3490  0.0541  -0.9356
-0.4754  -0.0291  -0.8793
-0.0876  -0.0874  -0.9923
0.4257  0.0771  -0.9016
-0.5516  -0.0103  -0.8340
-0.0313  -0.0475  -0.9984
0.4498  -0.0208  -0.8929
-0.4808  0.0517  -0.8753
-0.0879  0.0678  -0.9938
0.4138  0.0549  -0.9087
-0.5657  0.0209  -0.8243
0.0028  0.2675  -0.9636
0.5031  0.1518  -0.8508
-0.5072  0.1815  -0.8425
-0.0041  0.4253  -0.9050
0.3392  0.3771  -0.8618
-0.4909  0.2760  -0.8263
0.0282  0.6537  -0.7563
0.2822  0.6036  -0.7457
-0.2958  0.6082  -0.7366
-0.9906  -0.0844  0.1077
-0.9236  0.0879  -0.3731
-0.8032  0.0157  0.5955
-0.9986  0.0086  0.0515
-0.8694  0.0607  -0.4903
-0.8026  -0.0775  0.5915
-0.9929  -0.0839  -0.0845
-0.9063  -0.1904  -0.3774
-0.8351  -0.1867  0.5175
-0.9831  -0.1622  0.0852
-0.9482  -0.1321  -0.2890
-0.8069  -0.1986  0.5563
-0.9981  -0.0139  0.0599
-0.9447  0.0554  -0.3233
-0.8259  0.0012  0.5638
-0.9953  -0.0659  0.0715
-0.8368  0.0648  -0.5436
-0.7927  0.1041  0.6006
-0.9894  0.0701  -0.1272
-0.8639  0.0734  -0.4983
-0.8083  0.0882  0.5821
-0.9848  0.1016  0.1406
-0.9413  0.0397  -0.3352
-0.7546  0.1321  0.6428
-0.9786  0.1734  0.1104
-0.9259  0.1648  -0.3400
-0.7794  0.2622  0.5691
-0.8648  0.4933  0.0943
-0.7363  0.5668  -0.3695
-0.6578  0.5442  0.5207
-0.0187  0.8075  0.5896
-0.5977  0.8017  0.0013
0.6072  0.7915  0.0686
0.0463  0.7213  -0.6911
-0.1561  0.8224  -0.5471
0.0581  0.7631  -0.6437
0.4758  0.8370  -0.2702
0.1603  0.7840  -0.5997
0.4302  0.9015  -0.0463
0.1365  0.8020  -0.5815

0.8148  0.3107  0.0946
0.8148  0.5411  0.0946
0.4676  0.5411  0.0946
0.4676  0.1715  0.0946
0.6219  0.1845  0.0946
0.1331  0.5411  0.0946
0.1204  0.3107  0.0946
0.2056  0.2152  0.0946
0.8148  0.7349  0.0946
0.6806  0.8621  0.0946
0.4676  0.9040  0.0946
0.2056  0.8304  0.0946
0.1204  0.7349  0.0946
0.4421  0.3264  0.8894
0.4921  0.3070  0.8894
0.4398  0.4591  0.9017
0.2607  0.4641  0.8894
0.2843  0.4154  0.8894
0.5630  0.3042  0.8894
0.7001  0.3365  0.8894
0.7507  0.3995  0.8894
0.7532  0.4289  0.8916
0.7441  0.4498  0.8925
0.5730  0.4567  0.9045
0.4596  0.5619  0.8962
0.5258  0.6514  0.8886
0.2485  0.5397  0.8858
0.3226  0.6455  0.8825
0.2569  0.6017  0.8802
0.7168  0.5250  0.8964
0.7049  0.5659  0.8987
0.6686  0.5975  0.8963
0.5813  0.5378  0.9054
0.5943  0.6239  0.8916
0.3781  0.0946  0.1845
0.5324  0.0946  0.1715
0.5582  0.1741  0.2039
0.4039  0.1741  0.1860
0.7944  0.0946  0.2152
0.8202  0.1741  0.2167
0.5517  0.2536  0.1557
0.3974  0.2536  0.1866
0.8137  0.2536  0.2173
0.5324  0.3331  0.1628
0.3781  0.3331  0.1750
0.7944  0.3331  0.2057
0.5132  0.4125  0.1116
0.3589  0.4125  0.1232
0.7307  0.4125  0.1539
0.5799  0.4967  0.0946
0.3459  0.4920  0.1063
0.7621  0.4920  0.1471
0.5132  0.5761  0.1214
0.3589  0.5715  0.1232
0.7751  0.5715  0.1795
0.5002  0.6510  0.1826
0.3459  0.6510  0.1699
0.7324  0.6682  0.2006
0.5132  0.7304  0.1753
0.3589  0.7033  0.1815
0.7751  0.7304  0.2122
0.5260  0.8099  0.1691
0.3716  0.8099  0.2142
0.7879  0.8099  0.2449
0.5241  0.8526  0.1933
0.3889  0.8530  0.2355
0.7607  0.8534  0.2539
0.3107  0.0946  0.8796
0.5411  0.0946  0.8669
0.5411  0.1741  0.8927
0.3121  0.1741  0.9054
0.7349  0.0946  0.8796
0.7188  0.1741  0.9054
0.5051  0.2536  0.8863
0.3127  0.2536  0.8989
0.7186  0.2536  0.8989
0.5051  0.3331  0.8669
0.3012  0.3331  0.8796
0.7302  0.3331  0.8796
0.4694  0.4125  0.8477
0.2493  0.4125  0.8604
0.7395  0.4125  0.8604
0.4694  0.4920  0.8347
0.2324  0.4920  0.8474
0.7213  0.4967  0.8474
0.4694  0.5715  0.8477
0.2493  0.5875  0.8604
0.7196  0.5761  0.8604
0.5000  0.6510  0.8347
0.2961  0.6510  0.8474
0.7144  0.6510  0.8474
0.5000  0.7304  0.8477
0.3076  0.7304  0.8604
0.6993  0.7304  0.8604
0.5000  0.8099  0.8605
0.3403  0.8099  0.8731
0.6592  0.7997  0.8731
0.4876  0.8524  0.8446
0.3538  0.8537  0.8445
0.6359  0.8536  0.8422
0.2056  0.0946  0.8304
0.4676  0.0946  0.9040
0.4418  0.1741  0.8142
0.2447  0.1741  0.8924
0.6806  0.0946  0.8621
0.6549  0.1741  0.8459
0.4483  0.2536  0.8140
0.2601  0.2536  0.9033
0.6613  0.2536  0.8457
0.4676  0.3331  0.8256
0.2605  0.3331  0.8818
0.6806  0.3331  0.8573
0.4868  0.4125  0.8349
0.2609  0.4125  0.8686
0.7488  0.4125  0.8349
0.4998  0.4920  0.8801
0.2693  0.4920  0.8523
0.7618  0.4759  0.8167
0.4868  0.5715  0.8785
0.2614  0.5715  0.8382
0.7488  0.5554  0.8151
0.5257  0.6613  0.9054
0.2765  0.6510  0.8607
0.7413  0.6349  0.8192
0.4868  0.7304  0.8581
0.2348  0.7304  0.8055
0.7283  0.7304  0.8041
0.4740  0.8099  0.8181
0.2756  0.8099  0.7975
0.7360  0.8099  0.7547
0.4671  0.8524  0.7334
0.2858  0.8597  0.7124
0.6942  0.8557  0.7325
0.2651  0.0946  0.1852
0.4589  0.0946  0.1852
0.4633  0.1618  0.1542
0.3424  0.1741  0.1596
0.6893  0.0946  0.1852
0.6879  0.1741  0.2110
0.5250  0.2536  0.1737
0.3199  0.2536  0.2046
0.6873  0.2536  0.2046
0.4732  0.3331  0.1636
0.3447  0.3422  0.1891
0.6988  0.3331  0.1852
0.5515  0.4125  0.1403
0.3487  0.4183  0.1252
0.7507  0.4125  0.1660
0.5639  0.4920  0.1284
0.3462  0.4920  0.1477
0.7676  0.4920  0.1530
0.5552  0.5715  0.1254
0.2647  0.5613  0.1756
0.7507  0.5715  0.1660
0.4764  0.6510  0.0946
0.3416  0.6422  0.1530
0.7039  0.6510  0.1530
0.5541  0.7304  0.1204
0.3856  0.7304  0.1305
0.6924  0.7304  0.1660
0.4996  0.8099  0.1472
0.3918  0.8099  0.1453
0.6597  0.8099  0.1788
0.4998  0.8517  0.1593
0.3857  0.8530  0.1705
0.6442  0.8533  0.2029
0.2110  0.1741  0.3121
0.1852  0.0946  0.3107
0.8796  0.0946  0.3107
0.9054  0.1741  0.3121
0.2046  0.2536  0.3127
0.8989  0.2536  0.3127
0.1852  0.3331  0.3012
0.8796  0.3331  0.3012
0.1660  0.4125  0.2493
0.8604  0.4125  0.2493
0.1530  0.4920  0.2324
0.8474  0.4920  0.2324
0.1660  0.5715  0.2493
0.8604  0.5875  0.2493
0.1530  0.6510  0.2961
0.8474  0.6510  0.2961
0.1660  0.7304  0.3076
0.8604  0.7304  0.3076
0.1788  0.8099  0.3403
0.8731  0.8099  0.3403
0.2029  0.8533  0.3558
0.8445  0.8537  0.3538
0.1204  0.0946  0.7349
0.0946  0.1741  0.7188
0.1011  0.2536  0.7186
0.1204  0.3331  0.7302
0.1396  0.4125  0.7395
0.1526  0.4967  0.7213
0.1396  0.5761  0.7196
0.1526  0.6510  0.7144
0.1396  0.7304  0.6993
0.1269  0.7997  0.6592
0.1578  0.8536  0.6359
0.8148  0.0946  0.7349
0.8404  0.1741  0.6576
0.7954  0.2536  0.6801
0.1543  0.2536  0.3387
0.1427  0.3331  0.3194
0.1651  0.4125  0.2512
0.1833  0.4759  0.2382
0.1849  0.5554  0.2512
0.1808  0.6349  0.2587
0.1959  0.7304  0.2717
0.2453  0.8099  0.2640
0.8547  0.8099  0.6082
0.8295  0.8530  0.6143
0.4421  0.8894  0.3264
0.5262  0.8778  0.2634
0.4921  0.8894  0.3070
0.4999  0.8770  0.2155
0.5846  0.8894  0.2843
0.5359  0.8894  0.2607
0.7001  0.8894  0.3365
0.5630  0.8894  0.3042
0.3995  0.8894  0.7507
0.4845  0.8781  0.7930
0.4289  0.8916  0.7532
0.4643  0.8700  0.7020
0.6649  0.8718  0.6954
0.4820  0.8769  0.6885
0.3983  0.8802  0.2569
0.4603  0.8858  0.2485
0.6089  0.8842  0.7849
0.2993  0.8789  0.6815
0.2843  0.8894  0.4154
0.7507  0.8894  0.3995
0.7431  0.8802  0.6017
0.6774  0.8825  0.6455
0.2151  0.8842  0.6089
0.7930  0.4845  0.8781
0.7610  0.4854  0.8860
0.4742  0.8886  0.6514
0.4522  0.8798  0.6688
0.7849  0.6089  0.8842
0.3314  0.8963  0.5975
0.4057  0.8916  0.6239
0.7007  0.6815  0.8789
0.4498  0.8925  0.7441
0.4854  0.8860  0.7610
0.5250  0.8964  0.7168

1 1 1  2 2 2  3 3 3  
1 1 1  3 3 3  4 4 4  
5 5 5  1 1 1  4 4 4  
4 4 4  3 3 3  6 6 6  
6 6 6  7 7 7  8 8 8  
4 4 4  6 6 6  8 8 8  
2 2 2  9 9 9  10 10 10  
2 2 2  10 10 10  11 11 11  
2 2 2  11 11 11  3 3 3  
11 11 11  12 12 12  13 13 13  
3 3 3  11 11 11  13 13 13  
3 3 3  13 13 13  6 6 6  
14 14 14  15 15 15  16 16 16  
14 14 14  16 16 16  17 17 17  
18 18 18  14 14 14  17 17 17  
19 19 19  20 20 20  21 21 21  
21 21 21  22 22 22  23 23 23  
19 19 19  21 21 21  23 23 23  
19 19 19  23 23 23  24 24 24  
25 25 25  26 26 26  26 26 27  
27 27 28  25 25 25  26 26 27  
26 26 27  28 28 29  29 29 30  
27 27 28  26 26 27  29 29 30  
30 30 31  31 31 32  32 32 33  
33 33 34  30 30 31  32 32 33  
33 33 34  32 32 33  34 34 35  
5 35 5  4 36 4  35 37 36  
35 37 36  36 38 37  5 35 5  
4 36 4  8 39 8  37 40 38  
37 40 38  35 37 36  4 36 4  
36 38 37  35 37 36  38 41 39  
38 41 39  39 42 40  36 38 37  
35 37 36  37 40 38  40 43 41  
40 43 41  38 41 39  35 37 36  
39 42 40  38 41 39  41 44 42  
41 44 42  42 45 43  39 42 40  
38 41 39  40 43 41  43 46 44  
43 46 44  41 44 42  38 41 39  
42 45 43  41 44 42  44 47 45  
44 47 45  45 48 46  42 45 43  
41 44 42  43 46 44  46 49 47  
46 49 47  44 47 45  41 44 42  
45 48 46  44 47 45  47 50 48  
47 50 48  48 51 49  45 48 46  
44 47 45  46 49 47  49 52 50  
49 52 50  47 50 48  44 47 45  
48 51 49  47 50 48  50 53 51  
50 53 51  51 54 52  48 51 49  
47 50 48  49 52 50  52 55 53  
52 55 53  50 53 51  47 50 48  
51 54 52  50 53 51  53 56 54  
53 56 54  54 57 55  51 54 52  
50 53 51  52 55 53  55 58 56  
55 58 56  53 56 54  50 53 51  
54 57 55  53 56 54  56 59 57  
56 59 57  57 60 58  54 57 55  
53 56 54  55 58 56  58 61 59  
58 61 59  56 59 57  53 56 54  
57 60 58  56 59 57  59 62 60  
59 62 60  60 63 61  57 60 58  
56 59 57  58 61 59  61 64 62  
61 64 62  59 62 60  56 59 57  
60 63 61  59 62 60  62 65 63  
62 65 63  63 66 64  60 63 61  
59 62 60  61 64 62  64 67 65  
64 67 65  62 65 63  59 62 60  
7 68 7  6 69 6  65 70 66  
65 70 66  66 71 67  7 68 7  
6 69 6  13 72 13  67 73 68  
67 73 68  65 70 66  6 69 6  
66 71 67  65 70 66  68 74 69  
68 74 69  69 75 70  66 71 67  
65 70 66  67 73 68  70 76 71  
70 76 71  68 74 69  65 70 66  
69 75 70  68 74 69  71 77 72  
71 77 72  72 78 73  69 75 70  
68 74 69  70 76 71  73 79 74  
73 79 74  71 77 72  68 74 69  
72 78 73  71 77 72  74 80 75  
74 80 75  75 81 76  72 78 73  
71 77 72  73 79 74  76 82 77  
76 82 77  74 80 75  71 77 72  
75 81 76  74 80 75  77 83 78  
77 83 78  78 84 79  75 81 76  
74 80 75  76 82 77  79 85 80  
79 85 80  77 83 78  74 80 75  
78 84 79  77 83 78  80 86 81  
80 86 81  81 87 82  78 84 79  
77 83 78  79 85 80  82 88 83  
82 88 83  80 86 81  77 83 78  
81 87 82  80 86 81  83 89 84  
83 89 84  84 90 85  81 87 82  
80 86 81  82 88 83  85 91 86  
85 91 86  83 89 84  80 86 81  
84 90 85  83 89 84  86 92 87  
86 92 87  87 93 88  84 90 85  
83 89 84  85 91 86  88 94 89  
88 94 89  86 92 87  83 89 84  
87 93 88  86 92 87  89 95 90  
89 95 90  90 96 91  87 93 88  
86 92 87  88 94 89  91 97 92  
91 97 92  89 95 90  86 92 87  
90 96 91  89 95 90  92 98 93  
92 98 93  93 99 94  90 96 91  
89 95 90  91 97 92  94 100 95  
94 100 95  92 98 93  89 95 90  
12 101 12  11 102 11  95 103 96  
95 103 96  96 104 97  12 101 12  
11 102 11  10 105 10  97 106 98  
97 106 98  95 103 96  11 102 11  
96 104 97  95 103 96  98 107 99  
98 107 99  99 108 100  96 104 97  
95 103 96  97 106 98  100 109 101  
100 109 101  98 107 99  95 103 96  
99 108 100  98 107 99  101 110 102  
101 110 102  102 111 103  99 108 100  
98 107 99  100 109 101  103 112 104  
103 112 104  101 110 102  98 107 99  
102 111 103  101 110 102  104 113 105  
104 113 105  105 114 106  102 111 103  
101 110 102  103 112 104  106 115 107  
106 115 107  104 113 105  101 110 102  
105 114 106  104 113 105  107 116 108  
107 116 108  108 117 109  105 114 106  
104 113 105  106 115 107  109 118 110  
109 118 110  107 116 108  104 113 105  
108 117 109  107 116 108  110 119 111  
110 119 111  111 120 112  108 117 109  
107 116 108  109 118 110  112 121 113  
112 121 113  110 119 111  107 116 108  
111 120 112  110 119 111  113 122 114  
113 122 114  114 123 115  111 120 112  
110 119 111  112 121 113  115 124 116  
115 124 116  113 122 114  110 119 111  
114 123 115  113 122 114  116 125 117  
116 125 117  117 126 118  114 123 115  
113 122 114  115 124 116  118 127 119  
118 127 119  116 125 117  113 122 114  
117 126 118  116 125 117  119 128 120  
119 128 120  120 129 121  117 126 118  
116 125 117  118 127 119  121 130 122  
121 130 122  119 128 120  116 125 117  
120 129 121  119 128 120  122 131 123  
122 131 123  123 132 124  120 129 121  
119 128 120  121 130 122  124 133 125  
124 133 125  122 131 123  119 128 120  
9 134 9  2 135 2  125 136 126  
125 136 126  126 137 127  9 134 9  
2 135 2  1 138 1  127 139 128  
127 139 128  125 136 126  2 135 2  
126 137 127  125 136 126  128 140 129  
128 140 129  129 141 130  126 137 127  
125 136 126  127 139 128  130 142 131  
130 142 131  128 140 129  125 136 126  
129 141 130  128 140 129  131 143 132  
131 143 132  132 144 133  129 141 130  
128 140 129  130 142 131  133 145 134  
133 145 134  131 143 132  128 140 129  
132 144 133  131 143 132  134 146 135  
134 146 135  135 147 136  132 144 133  
131 143 132  133 145 134  136 148 137  
136 148 137  134 146 135  131 143 132  
135 147 136  134 146 135  137 149 138  
137 149 138  138 150 139  135 147 136  
134 146 135  136 148 137  139 151 140  
139 151 140  137 149 138  134 146 135  
138 150 139  137 149 138  140 152 141  
140 152 141  141 153 142  138 150 139  
137 149 138  139 151 140  142 154 143  
142 154 143  140 152 141  137 149 138  
141 153 142  140 152 141  143 155 144  
143 155 144  144 156 145  141 153 142  
140 152 141  142 154 143  145 157 146  
145 157 146  143 155 144  140 152 141  
144 156 145  143 155 144  146 158 147  
146 158 147  147 159 148  144 156 145  
143 155 144  145 157 146  148 160 149  
148 160 149  146 158 147  143 155 144  
147 159 148  146 158 147  149 161 150  
149 161 150  150 162 151  147 159 148  
146 158 147  148 160 149  151 163 152  
151 163 152  149 161 150  146 158 147  
150 162 151  149 161 150  152 164 153  
152 164 153  153 165 154  150 162 151  
149 161 150  151 163 152  154 166 155  
154 166 155  152 164 153  149 161 150  
36 38 37  127 167 128  1 168 1  
1 168 1  5 35 5  36 38 37  
8 39 8  7 169 7  66 170 67  
66 170 67  37 40 38  8 39 8  
39 42 40  130 171 131  127 167 128  
127 167 128  36 38 37  39 42 40  
37 40 38  66 170 67  69 172 70  
69 172 70  40 43 41  37 40 38  
42 45 43  133 173 134  130 171 131  
130 171 131  39 42 40  42 45 43  
40 43 41  69 172 70  72 174 73  
72 174 73  43 46 44  40 43 41  
45 48 46  136 175 137  133 173 134  
133 173 134  42 45 43  45 48 46  
43 46 44  72 174 73  75 176 76  
75 176 76  46 49 47  43 46 44  
48 51 49  139 177 140  136 175 137  
136 175 137  45 48 46  48 51 49  
46 49 47  75 176 76  78 178 79  
78 178 79  49 52 50  46 49 47  
51 54 52  142 179 143  139 177 140  
139 177 140  48 51 49  51 54 52  
49 52 50  78 178 79  81 180 82  
81 180 82  52 55 53  49 52 50  
54 57 55  145 181 146  142 179 143  
142 179 143  51 54 52  54 57 55  
52 55 53  81 180 82  84 182 85  
84 182 85  55 58 56  52 55 53  
57 60 58  148 183 149  145 181 146  
145 181 146  54 57 55  57 60 58  
55 58 56  84 182 85  87 184 88  
87 184 88  58 61 59  55 58 56  
60 63 61  151 185 152  148 183 149  
148 183 149  57 60 58  60 63 61  
58 61 59  87 184 88  90 186 91  
90 186 91  61 64 62  58 61 59  
63 66 64  154 187 155  151 185 152  
151 185 152  60 63 61  63 66 64  
61 64 62  90 186 91  93 188 94  
93 188 94  64 67 65  61 64 62  
13 189 13  12 101 12  96 104 97  
96 104 97  67 190 68  13 189 13  
67 190 68  96 104 97  99 108 100  
99 108 100  70 191 71  67 190 68  
70 191 71  99 108 100  102 111 103  
102 111 103  73 192 74  70 191 71  
73 192 74  102 111 103  105 114 106  
105 114 106  76 193 77  73 192 74  
76 193 77  105 114 106  108 117 109  
108 117 109  79 194 80  76 193 77  
79 194 80  108 117 109  111 120 112  
111 120 112  82 195 83  79 194 80  
82 195 83  111 120 112  114 123 115  
114 123 115  85 196 86  82 195 83  
85 196 86  114 123 115  117 126 118  
117 126 118  88 197 89  85 196 86  
88 197 89  117 126 118  120 129 121  
120 129 121  91 198 92  88 197 89  
91 198 92  120 129 121  123 132 124  
123 132 124  94 199 95  91 198 92  
10 105 10  9 200 9  126 201 127  
126 201 127  97 106 98  10 105 10  
97 106 98  126 201 127  129 202 130  
129 202 130  100 109 101  97 106 98  
100 203 101  129 141 130  132 144 133  
132 144 133  103 204 104  100 203 101  
103 204 104  132 144 133  135 147 136  
135 147 136  106 205 107  103 204 104  
106 205 107  135 147 136  138 150 139  
138 150 139  109 206 110  106 205 107  
109 206 110  138 150 139  141 153 142  
141 153 142  112 207 113  109 206 110  
112 207 113  141 153 142  144 156 145  
144 156 145  115 208 116  112 207 113  
115 208 116  144 156 145  147 159 148  
147 159 148  118 209 119  115 208 116  
118 209 119  147 159 148  150 162 151  
150 162 151  121 210 122  118 209 119  
121 130 122  150 211 151  153 212 154  
153 212 154  124 133 125  121 130 122  
14 213 14  63 66 64  62 65 63  
62 65 63  155 214 156  15 215 15  
14 213 14  62 65 63  15 215 15  
156 216 157  152 164 153  154 166 155  
156 216 157  154 166 155  18 217 18  
17 218 17  156 216 157  18 217 18  
155 214 156  62 65 63  64 67 65  
155 214 156  64 67 65  20 219 20  
19 220 19  155 214 156  20 219 20  
21 221 21  93 99 94  92 98 93  
92 98 93  157 222 158  22 223 22  
21 221 21  92 98 93  22 223 22  
158 224 159  122 131 123  124 133 125  
158 224 159  124 133 125  159 225 160  
160 226 161  158 224 159  159 225 160  
29 227 30  153 165 154  152 164 153  
152 164 153  156 216 157  27 228 28  
29 227 30  152 164 153  27 228 28  
157 222 158  92 98 93  94 100 95  
94 100 95  161 229 162  157 222 158  
162 230 163  123 132 124  122 131 123  
122 131 123  158 224 159  162 230 163  
63 66 64  14 213 14  18 231 18  
18 231 18  154 187 155  63 66 64  
93 188 94  21 232 21  20 219 20  
20 219 20  64 67 65  93 188 94  
29 233 30  28 234 29  159 225 160  
153 212 154  29 233 30  159 225 160  
153 212 154  159 225 160  124 133 125  
123 132 124  162 230 163  161 235 162  
161 235 162  94 199 95  123 132 124  
157 236 158  163 237 164  23 23 23  
23 23 23  22 22 22  157 236 158  
158 224 159  160 226 161  26 238 27  
164 239 165  158 224 159  26 238 27  
26 238 26  164 239 165  26 238 27  
163 237 164  157 236 158  161 240 162  
163 237 164  161 240 162  31 31 32  
30 30 31  163 237 164  31 31 32  
32 241 33  162 230 163  158 224 159  
158 224 159  164 239 165  34 242 35  
32 241 33  158 224 159  34 242 35  
162 243 163  32 32 33  31 31 32  
31 31 32  161 240 162  162 243 163  
27 228 28  156 216 157  17 218 17  
16 16 16  24 24 24  33 33 34  
33 33 34  25 25 25  16 16 16  
23 244 23  163 245 164  30 246 31  
34 242 35  164 239 165  26 238 26  
15 215 15  155 214 156  19 220 19  
15 15 15  19 19 19  24 24 24  
24 24 24  16 16 16  15 15 15  
16 16 16  25 25 25  27 27 28  
27 27 28  17 17 17  16 16 16  
23 23 23  30 30 31  33 33 34  
33 33 34  24 24 24  23 23 23  
25 25 25  33 33 34  34 34 35  
34 34 35  26 26 26  25 25 25  
26 238 27  160 226 161  159 225 160  
159 225 160  28 234 29  26 238 27  



